v1    v2    dv     H2O CO2  O3 N2O  CO CH4  O2  NO SO2 NO2 NH3 HNO3  OH  HF HCL HBR  HI CLO OCS H2CO HOCL N2 HCN CH3CL H2O2 C2H2 C2H6 PH3 COF2 SF6 H2S H2CO2 HO2 O CLONO2 NO+ HOBR BLK BLK BLK BLK ISOP CFC113 OO4 BRO 
04000 04400 4.0e-3   1   1   1   1   1   1   1   1   1   0   1   0   1   1   1   1   1   0   1   0   0   1   0   0     0    1    0   0   0     0   0    0    0  0    0    0    0   0   0   0   0    0     0    0   0
04400 04770 4.0e-3   1   1   1   1   1   1   1   1   0   0   1   0   1   1   1   1   1   0   0   0   0   1   0   0     0    1    0   0   0     0   0    0    0  0    0    0    0   0   0   0   0    0     0    0   0
04770 05150 2.0e-3   1   1   1   1   1   1   1   1   0   0   1   0   1   1   1   1   1   0   0   0   0   1   0   0     0    1    0   0   0     0   0    0    0  0    0    0    0   0   0   0   0    0     0    0   0
05150 06000 8.0e-3   1   1   1   1   1   1   1   1   0   0   1   0   1   1   1   1   1   0   0   0   0   1   0   0     0    1    0   0   0     0   0    0    0  0    0    0    0   0   0   0   0    0     0    0   0
06000 06100 4.0e-3   1   1   1   1   1   1   1   1   0   0   1   0   1   1   1   1   1   0   0   0   0   1   0   0     0    1    0   0   0     0   0    0    0  0    0    0    0   0   0   0   0    0     0    0   0
06100 06400 2.0e-3   1   1   1   1   1   1   1   1   0   0   1   0   1   1   1   1   1   0   0   0   0   1   0   0     0    1    0   0   0     0   0    0    0  0    0    0    0   0   0   0   0    0     0    0   0
06400 06530 4.0e-3   1   1   1   1   1   1   1   1   0   0   1   0   1   1   1   1   1   0   0   0   0   1   0   0     0    1    0   0   0     0   0    0    0  0    0    0    0   0   0   0   0    0     0    0   0
06530 07800 8.0e-3   1   1   1   1   1   1   1   1   0   0   1   0   1   1   1   1   1   0   0   0   0   1   0   0     0    1    0   0   0     0   0    0    0  0    0    0    0   0   0   0   0    0     0    0   0
07800 08000 4.0e-3   1   1   0   1   1   1   1   1   0   0   0   0   1   1   1   1   1   0   0   0   0   1   0   0     0    1    0   0   0     0   0    0    0  0    0    0    0   0   0   0   0    0     0    0   0
08000 08160 8.0e-3   1   1   0   0   1   1   1   1   0   0   0   0   1   1   1   1   1   0   0   0   0   1   0   0     0    1    0   0   0     0   0    0    0  0    0    0    0   0   0   0   0    0     0    0   0
08160 08400 4.0e-3   1   1   0   0   1   1   1   1   0   0   0   0   1   1   1   1   1   0   0   0   0   1   0   0     0    1    0   0   0     0   0    0    0  0    0    0    0   0   0   0   0    0     0    0   0
08400 09300 8.0e-3   1   1   0   0   1   1   1   1   0   0   0   0   1   1   1   1   1   0   0   0   0   1   0   0     0    1    0   0   0     0   0    0    0  0    0    0    0   0   0   0   0    0     0    0   0
09300 10500 8.0e-3   1   1   0   0   0   1   1   0   0   0   0   0   1   1   1   1   1   0   0   0   0   1   0   0     0    1    0   0   0     0   0    0    0  0    0    0    0   0   0   0   0    0     0    0   0
10500 12500 8.0e-3   1   1   1   0   0   1   1   0   0   0   0   0   1   1   1   1   1   0   0   0   0   0   0   0     0    0    0   0   0     0   0    0    0  0    0    0    0   0   0   0   0    0     0    0   0
12500 12850 8.0e-3   1   1   1   0   0   0   1   0   0   0   0   0   1   1   1   1   1   0   0   0   0   0   0   0     0    0    0   0   0     0   0    0    0  0    0    0    0   0   0   0   0    0     0    0   0
12850 13170 2.0e-3   1   0   1   0   0   0   1   0   0   0   0   0   1   1   1   1   1   0   0   0   0   0   0   0     0    0    0   0   0     0   0    0    0  0    0    0    0   0   0   0   0    0     0    0   0
13170 14430 8.0e-3   1   0   1   0   0   0   1   0   0   0   0   0   1   1   1   1   1   0   0   0   0   0   0   0     0    0    0   0   0     0   0    0    0  0    0    0    0   0   0   0   0    0     0    0   0
14430 14560 2.0e-3   1   0   1   0   0   0   1   0   0   0   0   0   1   1   1   1   0   0   0   0   0   0   0   0     0    0    0   0   0     0   0    0    0  0    0    0    0   0   0   0   0    0     0    0   0
14560 15800 1.6e-2   1   0   1   0   0   0   1   0   0   1   0   0   1   1   1   1   0   0   0   0   0   0   0   0     0    0    0   0   0     0   0    0    0  0    0    0    0   0   0   0   0    0     0    1   0
15800 15930 2.0e-3   1   0   1   0   0   0   1   0   0   1   0   0   1   1   1   1   0   0   0   0   0   0   0   0     0    0    0   0   0     0   0    0    0  0    0    0    0   0   0   0   0    0     0    1   0
15930 17930 1.6e-2   1   0   1   0   0   0   1   0   0   1   0   0   1   1   1   1   0   0   0   0   0   0   0   0     0    0    0   0   0     0   0    0    0  0    0    0    0   0   0   0   0    0     0    1   0
17930 18600 1.6e-2   1   0   1   0   0   0   1   0   0   1   0   0   1   1   1   1   0   0   0   0   0   0   0   0     0    0    0   0   0     0   0    0    0  0    0    0    0   0   0   0   0    0     0    1   0
18600 20600 1.6e-2   1   0   1   0   0   0   1   0   0   1   0   0   1   1   1   0   0   0   0   0   0   0   0   0     0    0    0   0   0     0   0    0    0  0    0    0    0   0   0   0   0    0     0    1   0
20600 22600 1.6e-2   1   0   1   0   0   0   1   0   0   1   0   0   0   1   1   0   0   0   0   0   0   0   0   0     0    0    0   0   0     0   0    0    0  0    0    0    0   0   0   0   0    0     0    1   0
22600 22800 1.6e-2   1   0   1   0   0   0   1   0   0   1   0   0   0   1   1   0   0   0   0   0   0   0   0   0     0    0    0   0   0     0   0    0    0  0    0    0    0   0   0   0   0    0     0    1   0
22800 23220 0.1e-0   1   0   1   0   0   0   1   0   0   1   0   0   0   1   1   0   0   0   0   0   0   0   0   0     0    0    0   0   0     0   0    0    0  0    0    0    0   0   0   0   0    0     0    1   0
23220 23550 1.6e-2   1   0   1   0   0   0   1   0   0   1   0   0   0   1   1   0   0   0   0   0   0   0   0   0     0    0    0   0   0     0   0    0    0  0    0    0    0   0   0   0   0    0     0    1   0
23550 23700 0.1e-0   1   0   1   0   0   0   1   0   0   1   0   0   0   1   1   0   0   0   0   0   0   0   0   0     0    0    0   0   0     0   0    0    0  0    0    0    0   0   0   0   0    0     0    1   0
23700 24150 1.6e-2   1   0   1   0   0   0   1   0   1   1   0   0   0   1   1   0   0   0   0   0   0   0   0   0     0    0    0   0   0     0   0    0    0  0    0    0    0   0   0   0   0    0     0    1   0
24150 24850 0.1e-0   1   0   1   0   0   0   1   0   1   1   0   0   0   1   1   0   0   0   0   0   0   0   0   0     0    0    0   0   0     0   0    0    0  0    0    0    0   0   0   0   0    0     0    1   0
24850 25250 1.6e-2   1   0   1   0   0   0   1   0   1   1   0   0   0   1   1   0   0   0   0   0   0   0   0   0     0    0    0   0   0     0   0    0    0  0    0    0    0   0   0   0   0    0     0    1   0
25250 27000 0.2e-0   1   0   1   0   0   0   1   0   1   1   0   0   0   1   1   0   0   0   0   1   0   0   0   0     0    0    0   0   0     0   0    0    0  0    0    0    0   0   0   0   0    0     0    1   1
27000 35000 0.2e-0   0   0   1   0   0   0   0   0   1   1   0   0   0   0   0   0   0   0   0   1   0   0   0   0     0    0    0   0   0     0   0    0    0  0    0    0    0   0   0   0   0    0     0    1   1
35000 43000 0.4e-0   0   0   1   0   0   0   0   0   1   1   0   0   0   0   0   0   0   0   0   0   0   0   0   0     0    0    0   0   0     0   0    0    0  0    0    0    0   0   0   0   0    0     0    0   0
43000 45000 0.4e-0   0   0   1   0   0   0   0   0   1   0   0   0   0   0   0   0   0   0   0   0   0   0   0   0     0    0    0   0   0     0   0    0    0  0    0    0    0   0   0   0   0    0     0    0   0
45000 50000 0.5e-0   0   0   1   0   0   0   0   0   0   0   0   0   0   0   0   0   0   0   0   0   0   0   0   0     0    0    0   0   0     0   0    0    0  0    0    0    0   0   0   0   0    0     0    0   0
