##########################################################################################
# Bulk properties and phase function of ice crystals of an effective diameter of 25 \mum #
#    at 760 nm reference to Bryan A. Baum (see https://www.ssec.wisc.edu/ice_models/)    #
##########################################################################################
total area: 448.0\mum^2
ice water content: 0.0004355grm^-3
extinction coefficient: 0.124m^2g^-1
extinction efficiency: 2.0755
single scattering albedo: 1.0
asymmetry parameter: 0.7835
##########################################################################################

##########################################################################################
Phase function matrix elements (scattering angle, P11, P21, P22, P33, P43, P44)
##########################################################################################
0.0  14090.0  -7.814e-14  1.0  1.0  -6.572e-15  1.0
0.01  14090.0  1.86e-08  1.0  1.0  -4.428e-09  1.0
0.02  14070.0  5.995e-08  1.0  1.0  -1.726e-08  1.0
0.03  14030.0  1.358e-07  1.0  1.0  -3.05e-08  1.0
0.04  13990.0  2.417e-07  1.0  1.0  -4.205e-08  1.0
0.05  13930.0  3.777e-07  1.0  1.0  -5.367e-08  1.0
0.06  13860.0  5.438e-07  1.0  1.0  -6.564e-08  1.0
0.07  13770.0  7.4e-07  1.0  1.0  -7.812e-08  1.0
0.08  13680.0  9.663e-07  1.0  1.0  -9.11e-08  1.0
0.09  13570.0  1.223e-06  1.0  1.0  -1.046e-07  1.0
0.1  13450.0  1.51e-06  1.0  1.0  -1.184e-07  1.0
0.11  13320.0  1.826e-06  1.0  1.0  -1.328e-07  1.0
0.12  13180.0  2.173e-06  1.0  1.0  -1.476e-07  1.0
0.13  13040.0  2.55e-06  1.0  1.0  -1.629e-07  1.0
0.14  12880.0  2.958e-06  1.0  1.0  -1.786e-07  1.0
0.15  12710.0  3.395e-06  1.0  1.0  -1.948e-07  1.0
0.16  12530.0  3.863e-06  1.0  1.0  -2.114e-07  1.0
0.17  12350.0  4.36e-06  1.0  1.0  -2.285e-07  1.0
0.18  12160.0  4.888e-06  1.0  1.0  -2.46e-07  1.0
0.19  11960.0  5.446e-06  1.0  1.0  -2.64e-07  1.0
0.2  11760.0  6.034e-06  1.0  1.0  -2.824e-07  1.0
0.21  11550.0  6.652e-06  1.0  1.0  -3.013e-07  1.0
0.22  11340.0  7.301e-06  1.0  1.0  -3.207e-07  1.0
0.23  11120.0  7.979e-06  1.0  1.0  -3.405e-07  1.0
0.24  10900.0  8.688e-06  1.0  1.0  -3.607e-07  1.0
0.25  10680.0  9.426e-06  1.0  1.0  -3.814e-07  1.0
0.26  10460.0  1.019e-05  1.0  1.0  -4.218e-07  1.0
0.27  10230.0  1.099e-05  1.0  1.0  -4.626e-07  1.0
0.28  10000.0  1.182e-05  1.0  1.0  -5.038e-07  1.0
0.29  9773.0  1.268e-05  1.0  1.0  -5.455e-07  1.0
0.3  9545.0  1.357e-05  1.0  1.0  -5.877e-07  1.0
0.31  9317.0  1.449e-05  1.0  1.0  -6.303e-07  1.0
0.32  9089.0  1.544e-05  1.0  1.0  -6.733e-07  1.0
0.33  8863.0  1.642e-05  1.0  1.0  -7.168e-07  1.0
0.34  8638.0  1.743e-05  1.0  1.0  -7.608e-07  1.0
0.35  8415.0  1.847e-05  1.0  1.0  -8.052e-07  1.0
0.36  8194.0  1.954e-05  1.0  1.0  -8.5e-07  1.0
0.37  7976.0  2.064e-05  1.0  1.0  -8.953e-07  1.0
0.38  7761.0  2.177e-05  1.0  1.0  -9.411e-07  1.0
0.39  7549.0  2.293e-05  1.0  1.0  -9.872e-07  1.0
0.4  7340.0  2.412e-05  1.0  1.0  -1.034e-06  1.0
0.41  7134.0  2.534e-05  1.0  1.0  -1.081e-06  1.0
0.42  6933.0  2.659e-05  1.0  1.0  -1.128e-06  1.0
0.43  6735.0  2.787e-05  1.0  1.0  -1.176e-06  1.0
0.44  6541.0  2.918e-05  1.0  1.0  -1.225e-06  1.0
0.45  6352.0  3.052e-05  1.0  1.0  -1.273e-06  1.0
0.46  6166.0  3.189e-05  1.0  1.0  -1.323e-06  1.0
0.47  5985.0  3.329e-05  1.0  1.0  -1.372e-06  1.0
0.48  5808.0  3.472e-05  1.0  1.0  -1.422e-06  1.0
0.49  5636.0  3.618e-05  1.0  1.0  -1.473e-06  1.0
0.5  5468.0  3.767e-05  1.0  1.0  -1.524e-06  1.0
0.51  5304.0  3.918e-05  1.0  1.0  -1.594e-06  1.0
0.52  5145.0  4.073e-05  1.0  1.0  -1.665e-06  1.0
0.53  4990.0  4.231e-05  1.0  1.0  -1.736e-06  1.0
0.54  4839.0  4.392e-05  1.0  1.0  -1.808e-06  1.0
0.55  4693.0  4.555e-05  1.0  1.0  -1.88e-06  1.0
0.56  4550.0  4.722e-05  1.0  1.0  -1.953e-06  1.0
0.57  4412.0  4.892e-05  1.0  1.0  -2.026e-06  1.0
0.58  4278.0  5.064e-05  1.0  1.0  -2.099e-06  1.0
0.59  4148.0  5.24e-05  1.0  1.0  -2.173e-06  1.0
0.6  4022.0  5.418e-05  1.0  1.0  -2.247e-06  1.0
0.61  3900.0  5.599e-05  1.0  1.0  -2.322e-06  1.0
0.62  3782.0  5.783e-05  1.0  1.0  -2.397e-06  1.0
0.63  3667.0  5.971e-05  1.0  1.0  -2.472e-06  1.0
0.64  3556.0  6.161e-05  1.0  1.0  -2.548e-06  1.0
0.65  3448.0  6.354e-05  1.0  1.0  -2.624e-06  1.0
0.66  3344.0  6.549e-05  1.0  1.0  -2.7e-06  1.0
0.67  3243.0  6.748e-05  1.0  1.0  -2.777e-06  1.0
0.68  3145.0  6.95e-05  1.0  1.0  -2.854e-06  1.0
0.69  3051.0  7.154e-05  1.0  1.0  -2.932e-06  1.0
0.7  2959.0  7.362e-05  1.0  1.0  -3.009e-06  1.0
0.71  2870.0  7.572e-05  1.0  1.0  -3.088e-06  1.0
0.72  2785.0  7.785e-05  1.0  1.0  -3.166e-06  1.0
0.73  2702.0  8e-05  1.0  1.0  -3.245e-06  1.0
0.74  2622.0  8.219e-05  1.0  1.0  -3.325e-06  1.0
0.75  2544.0  8.441e-05  1.0  1.0  -3.405e-06  1.0
0.76  2469.0  8.665e-05  1.0  1.0  -3.504e-06  1.0
0.77  2396.0  8.892e-05  1.0  1.0  -3.604e-06  1.0
0.78  2326.0  9.122e-05  1.0  1.0  -3.705e-06  1.0
0.79  2258.0  9.355e-05  1.0  1.0  -3.806e-06  1.0
0.8  2193.0  9.59e-05  1.0  1.0  -3.908e-06  1.0
0.81  2129.0  9.828e-05  1.0  1.0  -4.01e-06  1.0
0.82  2068.0  0.0001007  1.0  1.0  -4.112e-06  1.0
0.83  2008.0  0.0001031  1.0  1.0  -4.215e-06  1.0
0.84  1951.0  0.0001056  1.0  1.0  -4.318e-06  1.0
0.85  1895.0  0.0001081  1.0  1.0  -4.421e-06  1.0
0.86  1842.0  0.0001106  1.0  1.0  -4.524e-06  1.0
0.87  1790.0  0.0001132  1.0  1.0  -4.628e-06  1.0
0.88  1739.0  0.0001157  1.0  1.0  -4.732e-06  1.0
0.89  1691.0  0.0001183  1.0  1.0  -4.835e-06  1.0
0.9  1644.0  0.000121  1.0  1.0  -4.939e-06  1.0
0.91  1598.0  0.0001236  1.0  1.0  -5.044e-06  1.0
0.92  1554.0  0.0001263  1.0  1.0  -5.148e-06  1.0
0.93  1512.0  0.000129  1.0  1.0  -5.253e-06  1.0
0.94  1470.0  0.0001318  1.0  1.0  -5.358e-06  1.0
0.95  1431.0  0.0001345  1.0  1.0  -5.464e-06  1.0
0.96  1392.0  0.0001373  1.0  1.0  -5.57e-06  1.0
0.97  1354.0  0.0001401  1.0  1.0  -5.676e-06  1.0
0.98  1318.0  0.000143  1.0  1.0  -5.782e-06  1.0
0.99  1283.0  0.0001458  1.0  1.0  -5.889e-06  0.9999
1.0  1249.0  0.0001487  1.0  1.0  -5.996e-06  0.9999
1.01  1216.0  0.0001516  1.0  1.0  -6.122e-06  0.9999
1.02  1185.0  0.0001546  1.0  1.0  -6.249e-06  0.9999
1.03  1154.0  0.0001575  1.0  1.0  -6.376e-06  0.9999
1.04  1124.0  0.0001605  1.0  1.0  -6.503e-06  0.9999
1.05  1095.0  0.0001635  1.0  1.0  -6.63e-06  0.9999
1.06  1067.0  0.0001666  1.0  1.0  -6.757e-06  0.9999
1.07  1040.0  0.0001696  1.0  1.0  -6.884e-06  0.9999
1.08  1014.0  0.0001727  1.0  1.0  -7.01e-06  0.9999
1.09  988.0  0.0001758  1.0  1.0  -7.136e-06  0.9999
1.1  963.3  0.000179  0.9999  0.9999  -7.261e-06  0.9999
1.11  939.3  0.0001821  0.9999  0.9999  -7.387e-06  0.9999
1.12  916.0  0.0001853  0.9999  0.9999  -7.512e-06  0.9999
1.13  893.4  0.0001885  0.9999  0.9999  -7.636e-06  0.9999
1.14  871.5  0.0001917  0.9999  0.9999  -7.76e-06  0.9999
1.15  850.3  0.000195  0.9999  0.9999  -7.883e-06  0.9999
1.16  829.7  0.0001983  0.9999  0.9999  -8.005e-06  0.9999
1.17  809.7  0.0002015  0.9999  0.9999  -8.127e-06  0.9999
1.18  790.3  0.0002049  0.9999  0.9999  -8.248e-06  0.9999
1.19  771.5  0.0002082  0.9999  0.9999  -8.369e-06  0.9999
1.2  753.2  0.0002116  0.9999  0.9999  -8.489e-06  0.9999
1.21  735.5  0.0002149  0.9999  0.9999  -8.608e-06  0.9999
1.22  718.3  0.0002183  0.9999  0.9999  -8.727e-06  0.9999
1.23  701.6  0.0002218  0.9999  0.9999  -8.847e-06  0.9999
1.24  685.4  0.0002252  0.9999  0.9999  -8.968e-06  0.9999
1.25  669.6  0.0002287  0.9999  0.9999  -9.091e-06  0.9999
1.26  654.3  0.0002322  0.9999  0.9999  -9.235e-06  0.9999
1.27  639.5  0.0002357  0.9999  0.9999  -9.381e-06  0.9999
1.28  625.1  0.0002392  0.9999  0.9999  -9.53e-06  0.9999
1.29  611.1  0.0002427  0.9999  0.9999  -9.681e-06  0.9999
1.3  597.5  0.0002463  0.9999  0.9999  -9.835e-06  0.9999
1.31  584.2  0.0002499  0.9999  0.9999  -9.989e-06  0.9999
1.32  571.4  0.0002535  0.9999  0.9999  -1.014e-05  0.9999
1.33  558.9  0.0002572  0.9999  0.9999  -1.03e-05  0.9999
1.34  546.8  0.0002608  0.9999  0.9999  -1.045e-05  0.9999
1.35  535.0  0.0002645  0.9999  0.9999  -1.061e-05  0.9999
1.36  523.5  0.0002682  0.9999  0.9999  -1.076e-05  0.9999
1.37  512.4  0.0002719  0.9999  0.9999  -1.091e-05  0.9999
1.38  501.5  0.0002756  0.9999  0.9999  -1.106e-05  0.9999
1.39  491.0  0.0002794  0.9999  0.9999  -1.121e-05  0.9999
1.4  480.8  0.0002832  0.9999  0.9999  -1.136e-05  0.9999
1.41  470.8  0.000287  0.9999  0.9999  -1.151e-05  0.9999
1.42  461.1  0.0002908  0.9999  0.9999  -1.166e-05  0.9999
1.43  451.7  0.0002947  0.9999  0.9999  -1.181e-05  0.9999
1.44  442.5  0.0002985  0.9999  0.9999  -1.196e-05  0.9998
1.45  433.6  0.0003024  0.9999  0.9999  -1.21e-05  0.9998
1.46  424.9  0.0003063  0.9999  0.9999  -1.225e-05  0.9998
1.47  416.4  0.0003102  0.9999  0.9999  -1.24e-05  0.9998
1.48  408.2  0.0003141  0.9999  0.9999  -1.254e-05  0.9998
1.49  400.1  0.0003181  0.9999  0.9999  -1.269e-05  0.9998
1.5  392.3  0.000322  0.9999  0.9999  -1.284e-05  0.9998
1.51  384.7  0.000326  0.9999  0.9999  -1.3e-05  0.9998
1.52  377.3  0.00033  0.9999  0.9999  -1.317e-05  0.9998
1.53  370.1  0.000334  0.9999  0.9999  -1.334e-05  0.9998
1.54  363.1  0.0003381  0.9999  0.9999  -1.351e-05  0.9998
1.55  356.2  0.0003421  0.9999  0.9999  -1.368e-05  0.9998
1.56  349.6  0.0003462  0.9999  0.9999  -1.385e-05  0.9998
1.57  343.0  0.0003503  0.9999  0.9999  -1.402e-05  0.9998
1.58  336.7  0.0003544  0.9999  0.9999  -1.419e-05  0.9998
1.59  330.5  0.0003585  0.9998  0.9998  -1.437e-05  0.9998
1.6  324.5  0.0003626  0.9998  0.9998  -1.455e-05  0.9998
1.61  318.6  0.0003668  0.9998  0.9998  -1.472e-05  0.9998
1.62  312.9  0.0003709  0.9998  0.9998  -1.49e-05  0.9998
1.63  307.3  0.0003751  0.9998  0.9998  -1.508e-05  0.9998
1.64  301.8  0.0003793  0.9998  0.9998  -1.526e-05  0.9998
1.65  296.5  0.0003835  0.9998  0.9998  -1.544e-05  0.9998
1.66  291.3  0.0003878  0.9998  0.9998  -1.563e-05  0.9998
1.67  286.2  0.000392  0.9998  0.9998  -1.581e-05  0.9998
1.68  281.3  0.0003963  0.9998  0.9998  -1.599e-05  0.9998
1.69  276.4  0.0004006  0.9998  0.9998  -1.617e-05  0.9998
1.7  271.7  0.0004049  0.9998  0.9998  -1.634e-05  0.9998
1.71  267.1  0.0004092  0.9998  0.9998  -1.652e-05  0.9998
1.72  262.6  0.0004136  0.9998  0.9998  -1.67e-05  0.9998
1.73  258.2  0.0004179  0.9998  0.9998  -1.687e-05  0.9997
1.74  253.9  0.0004223  0.9998  0.9998  -1.704e-05  0.9997
1.75  249.7  0.0004266  0.9998  0.9998  -1.721e-05  0.9997
1.76  245.5  0.000431  0.9998  0.9998  -1.74e-05  0.9997
1.77  241.5  0.0004354  0.9998  0.9998  -1.758e-05  0.9997
1.78  237.6  0.0004398  0.9998  0.9998  -1.777e-05  0.9997
1.79  233.7  0.0004443  0.9998  0.9998  -1.795e-05  0.9997
1.8  229.9  0.0004487  0.9998  0.9998  -1.813e-05  0.9997
1.81  226.2  0.0004531  0.9998  0.9998  -1.83e-05  0.9997
1.82  222.6  0.0004576  0.9998  0.9998  -1.848e-05  0.9997
1.83  219.1  0.000462  0.9998  0.9998  -1.865e-05  0.9997
1.84  215.6  0.0004665  0.9998  0.9998  -1.882e-05  0.9997
1.85  212.2  0.000471  0.9998  0.9998  -1.899e-05  0.9997
1.86  208.9  0.0004755  0.9998  0.9998  -1.916e-05  0.9997
1.87  205.7  0.0004799  0.9998  0.9998  -1.933e-05  0.9997
1.88  202.5  0.0004844  0.9998  0.9998  -1.95e-05  0.9997
1.89  199.4  0.0004889  0.9998  0.9998  -1.967e-05  0.9997
1.9  196.3  0.0004934  0.9998  0.9998  -1.983e-05  0.9997
1.91  193.4  0.0004979  0.9998  0.9998  -2e-05  0.9997
1.92  190.4  0.0005024  0.9998  0.9998  -2.017e-05  0.9997
1.93  187.6  0.0005069  0.9998  0.9998  -2.033e-05  0.9997
1.94  184.8  0.0005114  0.9997  0.9997  -2.05e-05  0.9997
1.95  182.0  0.0005159  0.9997  0.9997  -2.067e-05  0.9997
1.96  179.3  0.0005205  0.9997  0.9997  -2.084e-05  0.9997
1.97  176.7  0.000525  0.9997  0.9997  -2.101e-05  0.9997
1.98  174.1  0.0005295  0.9997  0.9997  -2.119e-05  0.9997
1.99  171.6  0.0005341  0.9997  0.9997  -2.136e-05  0.9996
2.0  169.1  0.0005386  0.9997  0.9997  -2.154e-05  0.9996
2.05  157.5  0.0005616  0.9997  0.9997  -2.256e-05  0.9996
2.1  146.9  0.0005846  0.9997  0.9997  -2.353e-05  0.9996
2.15  137.3  0.0006079  0.9997  0.9997  -2.441e-05  0.9996
2.2  128.6  0.0006311  0.9996  0.9996  -2.524e-05  0.9995
2.25  120.6  0.0006545  0.9996  0.9996  -2.604e-05  0.9995
2.3  113.3  0.0006778  0.9996  0.9996  -2.689e-05  0.9995
2.35  106.7  0.0007011  0.9996  0.9996  -2.773e-05  0.9995
2.4  100.6  0.0007245  0.9996  0.9996  -2.863e-05  0.9994
2.45  95.01  0.0007479  0.9995  0.9995  -2.96e-05  0.9994
2.5  89.89  0.0007714  0.9995  0.9995  -3.063e-05  0.9994
2.55  85.19  0.0007948  0.9995  0.9995  -3.184e-05  0.9993
2.6  80.85  0.0008182  0.9995  0.9995  -3.313e-05  0.9993
2.65  76.84  0.0008416  0.9995  0.9995  -3.442e-05  0.9993
2.7  73.12  0.000865  0.9994  0.9994  -3.564e-05  0.9993
2.75  69.67  0.0008882  0.9994  0.9994  -3.676e-05  0.9992
2.8  66.47  0.0009113  0.9994  0.9994  -3.785e-05  0.9992
2.85  63.48  0.0009342  0.9994  0.9994  -3.881e-05  0.9992
2.9  60.7  0.0009568  0.9993  0.9993  -3.967e-05  0.9991
2.95  58.11  0.0009792  0.9993  0.9993  -4.051e-05  0.9991
3.0  55.69  0.001001  0.9993  0.9993  -4.138e-05  0.9991
3.05  53.42  0.001023  0.9993  0.9993  -4.242e-05  0.999
3.1  51.29  0.001044  0.9992  0.9992  -4.352e-05  0.999
3.15  49.3  0.001066  0.9992  0.9992  -4.468e-05  0.999
3.2  47.43  0.001087  0.9992  0.9992  -4.588e-05  0.9989
3.25  45.68  0.001107  0.9992  0.9991  -4.708e-05  0.9989
3.3  44.02  0.001128  0.9991  0.9991  -4.833e-05  0.9989
3.35  42.47  0.001148  0.9991  0.9991  -4.95e-05  0.9988
3.4  41.0  0.001168  0.9991  0.9991  -5.064e-05  0.9988
3.45  39.62  0.001188  0.999  0.999  -5.178e-05  0.9988
3.5  38.31  0.001207  0.999  0.999  -5.298e-05  0.9987
3.55  37.08  0.001226  0.999  0.999  -5.433e-05  0.9987
3.6  35.9  0.001245  0.999  0.999  -5.57e-05  0.9987
3.65  34.79  0.001263  0.9989  0.9989  -5.707e-05  0.9986
3.7  33.73  0.001281  0.9989  0.9989  -5.843e-05  0.9986
3.75  32.73  0.001298  0.9989  0.9989  -5.977e-05  0.9986
3.8  31.78  0.001315  0.9988  0.9988  -6.12e-05  0.9985
3.85  30.88  0.001332  0.9988  0.9988  -6.261e-05  0.9985
3.9  30.01  0.001348  0.9988  0.9988  -6.401e-05  0.9984
3.95  29.19  0.001364  0.9988  0.9987  -6.54e-05  0.9984
4.0  28.41  0.001379  0.9987  0.9987  -6.679e-05  0.9984
4.05  27.67  0.001393  0.9987  0.9987  -6.825e-05  0.9983
4.1  26.96  0.001408  0.9987  0.9987  -6.971e-05  0.9983
4.15  26.28  0.001421  0.9986  0.9986  -7.114e-05  0.9983
4.2  25.64  0.001435  0.9986  0.9986  -7.255e-05  0.9982
4.25  25.03  0.001448  0.9986  0.9986  -7.393e-05  0.9982
4.3  24.44  0.001461  0.9986  0.9985  -7.532e-05  0.9982
4.35  23.88  0.001474  0.9985  0.9985  -7.668e-05  0.9981
4.4  23.35  0.001485  0.9985  0.9985  -7.801e-05  0.9981
4.45  22.83  0.001496  0.9985  0.9985  -7.935e-05  0.998
4.5  22.34  0.001507  0.9984  0.9984  -8.07e-05  0.998
4.55  21.87  0.001518  0.9984  0.9984  -8.206e-05  0.998
4.6  21.42  0.001528  0.9984  0.9984  -8.349e-05  0.9979
4.65  20.99  0.001538  0.9984  0.9983  -8.498e-05  0.9979
4.7  20.58  0.001547  0.9983  0.9983  -8.651e-05  0.9979
4.75  20.18  0.001557  0.9983  0.9983  -8.804e-05  0.9978
4.8  19.79  0.001565  0.9983  0.9982  -8.94e-05  0.9978
4.85  19.42  0.001572  0.9982  0.9982  -9.07e-05  0.9978
4.9  19.06  0.001579  0.9982  0.9982  -9.192e-05  0.9977
4.95  18.72  0.001586  0.9982  0.9982  -9.309e-05  0.9977
5.0  18.38  0.001592  0.9982  0.9981  -9.418e-05  0.9977
5.1  17.76  0.001603  0.9981  0.9981  -9.545e-05  0.9976
5.2  17.17  0.001612  0.998  0.998  -9.62e-05  0.9975
5.3  16.63  0.00162  0.998  0.9979  -9.57e-05  0.9974
5.4  16.12  0.001625  0.9979  0.9979  -9.361e-05  0.9974
5.5  15.64  0.001628  0.9979  0.9978  -9e-05  0.9973
5.6  15.2  0.001628  0.9978  0.9978  -8.303e-05  0.9972
5.7  14.78  0.001627  0.9978  0.9977  -7.404e-05  0.9972
5.8  14.38  0.001624  0.9977  0.9977  -6.235e-05  0.9971
5.9  14.01  0.001619  0.9977  0.9976  -4.844e-05  0.997
6.0  13.65  0.001611  0.9976  0.9975  -3.381e-05  0.997
6.1  13.32  0.001601  0.9975  0.9975  -1.811e-05  0.9969
6.2  13.0  0.00159  0.9975  0.9974  -2.949e-06  0.9968
6.3  12.7  0.001577  0.9974  0.9974  1.15e-05  0.9968
6.4  12.42  0.001564  0.9974  0.9973  2.506e-05  0.9967
6.5  12.15  0.00155  0.9973  0.9972  3.752e-05  0.9966
6.6  11.9  0.001536  0.9973  0.9972  4.84e-05  0.9966
6.7  11.65  0.001519  0.9972  0.9971  5.845e-05  0.9965
6.8  11.42  0.0015  0.9972  0.9971  6.758e-05  0.9964
6.9  11.2  0.00148  0.9971  0.997  7.596e-05  0.9964
7.0  11.0  0.001459  0.9971  0.997  8.418e-05  0.9963
7.1  10.8  0.001436  0.997  0.9969  9.197e-05  0.9963
7.2  10.61  0.001411  0.997  0.9969  9.992e-05  0.9962
7.3  10.42  0.001386  0.9969  0.9968  0.0001081  0.9961
7.4  10.25  0.001358  0.9969  0.9968  0.0001167  0.9961
7.5  10.08  0.001327  0.9968  0.9967  0.0001265  0.996
7.6  9.916  0.001295  0.9968  0.9967  0.0001373  0.9959
7.7  9.76  0.001261  0.9967  0.9966  0.0001495  0.9959
7.8  9.61  0.001226  0.9967  0.9965  0.0001628  0.9958
7.9  9.465  0.001189  0.9966  0.9965  0.0001769  0.9958
8.0  9.326  0.001152  0.9966  0.9964  0.0001915  0.9957
8.1  9.191  0.001114  0.9965  0.9964  0.0002055  0.9956
8.2  9.061  0.001074  0.9965  0.9963  0.0002192  0.9956
8.3  8.936  0.001034  0.9964  0.9963  0.0002318  0.9955
8.4  8.814  0.0009924  0.9964  0.9962  0.0002432  0.9955
8.5  8.696  0.0009481  0.9964  0.9962  0.000254  0.9954
8.6  8.581  0.0009014  0.9963  0.9961  0.0002633  0.9954
8.7  8.47  0.0008539  0.9963  0.9961  0.0002722  0.9953
8.8  8.362  0.0008054  0.9962  0.996  0.0002804  0.9952
8.9  8.258  0.0007556  0.9962  0.996  0.0002881  0.9952
9.0  8.157  0.0007053  0.9961  0.9959  0.0002955  0.9951
9.1  8.059  0.0006546  0.9961  0.9958  0.0003025  0.9951
9.2  7.964  0.0006027  0.996  0.9958  0.0003094  0.995
9.3  7.872  0.0005473  0.996  0.9957  0.0003164  0.9949
9.4  7.783  0.0004887  0.9959  0.9957  0.0003236  0.9949
9.5  7.695  0.0004288  0.9959  0.9956  0.0003309  0.9948
9.6  7.61  0.0003675  0.9958  0.9956  0.0003388  0.9948
9.7  7.527  0.0003047  0.9958  0.9955  0.000347  0.9947
9.8  7.446  0.0002401  0.9958  0.9955  0.0003559  0.9947
9.9  7.366  0.0001742  0.9957  0.9954  0.0003655  0.9946
10.0  7.289  0.0001078  0.9957  0.9953  0.0003756  0.9945
10.5  6.93  -0.0002296  0.9954  0.9951  0.0004425  0.9942
11.0  6.61  -0.0005836  0.9952  0.9948  0.0005269  0.9939
11.5  6.317  -0.0009699  0.995  0.9945  0.0006167  0.9936
12.0  6.049  -0.001375  0.9947  0.9942  0.000713  0.9933
12.5  5.802  -0.0018  0.9945  0.9939  0.0008199  0.993
13.0  5.573  -0.002256  0.9942  0.9936  0.0009458  0.9927
13.5  5.36  -0.002737  0.994  0.9932  0.001099  0.9924
14.0  5.164  -0.003213  0.9937  0.9929  0.001279  0.992
14.5  4.986  -0.00364  0.9935  0.9925  0.001458  0.9917
15.0  4.803  -0.004204  0.9932  0.9922  0.001629  0.9914
16.0  4.487  -0.005249  0.9926  0.9914  0.001966  0.9906
17.0  4.199  -0.006399  0.992  0.9906  0.002364  0.9899
18.0  3.936  -0.007588  0.9914  0.9897  0.002828  0.989
19.0  3.686  -0.008896  0.9907  0.9887  0.003366  0.9881
20.0  3.458  -0.01009  0.99  0.9876  0.003994  0.9871
21.0  3.234  -0.0114  0.9892  0.9864  0.004729  0.9859
22.0  3.025  -0.01254  0.9883  0.9851  0.005553  0.9847
23.0  2.815  -0.01379  0.9873  0.9836  0.006501  0.9832
24.0  2.619  -0.01471  0.9862  0.9819  0.007585  0.9817
25.0  2.424  -0.01565  0.9849  0.98  0.008821  0.9799
26.0  2.24  -0.0163  0.9836  0.9778  0.01018  0.9779
27.0  2.065  -0.01676  0.9821  0.9754  0.01172  0.9757
28.0  1.899  -0.01709  0.9804  0.9726  0.01349  0.9732
29.0  1.744  -0.01742  0.9786  0.9699  0.01549  0.9707
30.0  1.602  -0.01779  0.9766  0.9671  0.01774  0.9683
31.0  1.469  -0.01809  0.9744  0.9642  0.02023  0.9658
32.0  1.347  -0.018  0.972  0.9609  0.023  0.963
33.0  1.236  -0.01739  0.9694  0.9572  0.02611  0.9597
34.0  1.134  -0.0163  0.9666  0.9529  0.02963  0.9561
35.0  1.042  -0.01479  0.9635  0.9483  0.03359  0.952
36.0  0.9584  -0.01271  0.9602  0.9432  0.0379  0.9477
37.0  0.8836  -0.01007  0.9567  0.9378  0.0425  0.9431
38.0  0.8151  -0.007225  0.9529  0.9318  0.04747  0.9381
39.0  0.7537  -0.0039  0.9488  0.9255  0.05282  0.9329
40.0  0.6981  -0.0002668  0.9445  0.9187  0.0586  0.9273
41.0  0.6483  0.00376  0.94  0.9116  0.06484  0.9214
42.0  0.6037  0.008158  0.9353  0.904  0.07151  0.9153
43.0  0.5639  0.01289  0.9303  0.8961  0.07854  0.9089
44.0  0.5282  0.01786  0.9252  0.8878  0.0859  0.9022
45.0  0.4965  0.02305  0.9199  0.8792  0.09361  0.8954
46.0  0.468  0.02832  0.9143  0.8701  0.1018  0.8884
47.0  0.4429  0.03376  0.9086  0.8608  0.1103  0.8812
48.0  0.4207  0.03952  0.9029  0.8513  0.119  0.8739
49.0  0.4012  0.04518  0.897  0.8415  0.1277  0.8666
50.0  0.384  0.05068  0.891  0.8317  0.1365  0.8593
51.0  0.369  0.05589  0.8851  0.8218  0.1454  0.8521
52.0  0.3558  0.06072  0.8793  0.8119  0.1542  0.8451
53.0  0.3444  0.06526  0.8736  0.8021  0.163  0.8383
54.0  0.3343  0.06936  0.868  0.7925  0.1716  0.8318
55.0  0.3253  0.07309  0.8626  0.7831  0.18  0.8257
56.0  0.3174  0.07636  0.8573  0.7738  0.1882  0.8198
57.0  0.3105  0.07914  0.852  0.7648  0.196  0.8142
58.0  0.3045  0.08153  0.8468  0.756  0.2033  0.8091
59.0  0.2992  0.08334  0.8418  0.7475  0.2103  0.8043
60.0  0.2945  0.08472  0.8369  0.7392  0.2168  0.7999
61.0  0.2904  0.08572  0.8321  0.7313  0.2229  0.7958
62.0  0.2867  0.08637  0.8275  0.7235  0.2285  0.7921
63.0  0.2833  0.08665  0.8229  0.716  0.2338  0.7886
64.0  0.2803  0.08672  0.8184  0.7086  0.2387  0.7853
65.0  0.2775  0.08656  0.8139  0.7013  0.2432  0.7823
66.0  0.2749  0.08627  0.8094  0.6942  0.2472  0.7796
67.0  0.2726  0.08586  0.8049  0.6871  0.2508  0.777
68.0  0.2703  0.08541  0.8004  0.6802  0.254  0.7747
69.0  0.268  0.0849  0.7959  0.6732  0.2567  0.7725
70.0  0.2658  0.08434  0.7912  0.6662  0.259  0.7703
71.0  0.2636  0.08371  0.7864  0.6591  0.2609  0.7682
72.0  0.2614  0.08312  0.7815  0.6518  0.2625  0.766
73.0  0.2591  0.08245  0.7764  0.6445  0.2639  0.7639
74.0  0.2569  0.08206  0.7713  0.637  0.2649  0.7618
75.0  0.2546  0.08171  0.766  0.6295  0.2657  0.7598
76.0  0.2523  0.0814  0.7606  0.6219  0.2661  0.7577
77.0  0.25  0.08109  0.755  0.614  0.2662  0.7557
78.0  0.2475  0.08078  0.7491  0.6059  0.266  0.7535
79.0  0.2451  0.08055  0.743  0.5975  0.2655  0.7512
80.0  0.2425  0.08041  0.7368  0.5888  0.2649  0.7487
81.0  0.24  0.08041  0.7303  0.5798  0.2639  0.7461
82.0  0.2374  0.08044  0.7236  0.5706  0.2628  0.7435
83.0  0.2347  0.08053  0.7166  0.561  0.2614  0.7407
84.0  0.232  0.0807  0.7093  0.5512  0.26  0.7378
85.0  0.2293  0.08101  0.7018  0.541  0.2584  0.7347
86.0  0.2266  0.08146  0.6941  0.5305  0.2567  0.7315
87.0  0.2238  0.08204  0.6862  0.5197  0.2548  0.7281
88.0  0.221  0.08267  0.6781  0.5086  0.2527  0.7246
89.0  0.2182  0.08335  0.6697  0.497  0.2505  0.7207
90.0  0.2154  0.084  0.6612  0.4851  0.2482  0.7167
91.0  0.2126  0.08469  0.6523  0.4727  0.2458  0.7123
92.0  0.2097  0.08543  0.6432  0.4599  0.2433  0.7078
93.0  0.2069  0.08624  0.6339  0.4467  0.2408  0.7029
94.0  0.204  0.08711  0.6243  0.4331  0.2383  0.6979
95.0  0.2011  0.088  0.6145  0.419  0.2357  0.6926
96.0  0.1983  0.08884  0.6044  0.4046  0.2332  0.6871
97.0  0.1954  0.08966  0.5942  0.3897  0.2308  0.6813
98.0  0.1926  0.0905  0.5838  0.3744  0.2285  0.6752
99.0  0.1899  0.09138  0.5732  0.3587  0.2263  0.6689
100.0  0.1872  0.09234  0.5626  0.3428  0.2241  0.6624
101.0  0.1845  0.09333  0.5519  0.3265  0.222  0.6556
102.0  0.1819  0.09429  0.5411  0.31  0.2199  0.6486
103.0  0.1794  0.09516  0.5301  0.2931  0.2179  0.6414
104.0  0.177  0.09591  0.519  0.276  0.216  0.634
105.0  0.1747  0.0965  0.5079  0.2586  0.2142  0.6265
106.0  0.1725  0.09701  0.4967  0.2411  0.2125  0.6188
107.0  0.1704  0.0974  0.4856  0.2235  0.2109  0.611
108.0  0.1685  0.0977  0.4747  0.206  0.2095  0.6032
109.0  0.1666  0.09793  0.4639  0.1885  0.2083  0.5953
110.0  0.1649  0.09806  0.4534  0.1712  0.2072  0.5874
111.0  0.1634  0.09807  0.4432  0.1541  0.2062  0.5796
112.0  0.162  0.09794  0.4331  0.1371  0.2053  0.5718
113.0  0.1607  0.09763  0.4233  0.1203  0.2044  0.564
114.0  0.1595  0.09711  0.4136  0.1037  0.2035  0.5563
115.0  0.1586  0.09644  0.4043  0.08749  0.2027  0.5487
116.0  0.1577  0.09563  0.3953  0.07166  0.2019  0.5413
117.0  0.157  0.0947  0.3867  0.05631  0.2011  0.534
118.0  0.1564  0.09364  0.3784  0.04149  0.2002  0.5269
119.0  0.156  0.09241  0.3706  0.02719  0.1993  0.52
120.0  0.1557  0.091  0.3631  0.01343  0.1984  0.5135
121.0  0.1556  0.0894  0.3559  0.0001997  0.1974  0.5072
122.0  0.1556  0.08762  0.3491  -0.01244  0.1963  0.5014
123.0  0.1558  0.08573  0.3427  -0.02451  0.195  0.4957
124.0  0.156  0.08374  0.3367  -0.03599  0.1936  0.4904
125.0  0.1563  0.08169  0.3311  -0.04691  0.1921  0.4853
126.0  0.1567  0.0796  0.3258  -0.05734  0.1905  0.4803
127.0  0.1572  0.07746  0.3209  -0.06732  0.1887  0.4755
128.0  0.1577  0.07527  0.3162  -0.0769  0.1867  0.471
129.0  0.1583  0.07304  0.3118  -0.08611  0.1845  0.4666
130.0  0.159  0.07078  0.3076  -0.09496  0.1821  0.4624
131.0  0.1597  0.06851  0.3037  -0.1035  0.1795  0.4583
132.0  0.1604  0.06625  0.3  -0.1116  0.1767  0.4544
133.0  0.1612  0.06399  0.2966  -0.1193  0.1739  0.4506
134.0  0.1621  0.06175  0.2934  -0.1268  0.171  0.447
135.0  0.1629  0.05952  0.2904  -0.1339  0.1678  0.4434
136.0  0.1638  0.05731  0.2875  -0.1409  0.1645  0.4399
137.0  0.1647  0.05513  0.2848  -0.1477  0.1608  0.4364
138.0  0.1656  0.05296  0.2823  -0.1543  0.157  0.4329
139.0  0.1665  0.05081  0.28  -0.1607  0.153  0.4294
140.0  0.1674  0.04869  0.2778  -0.1669  0.149  0.4258
141.0  0.1682  0.04663  0.2759  -0.1729  0.1448  0.4223
142.0  0.169  0.04463  0.2741  -0.1787  0.1405  0.4189
143.0  0.1698  0.0427  0.2724  -0.1843  0.136  0.4154
144.0  0.1705  0.04082  0.271  -0.1896  0.1314  0.412
145.0  0.1713  0.039  0.2698  -0.1947  0.1267  0.4087
146.0  0.1721  0.03721  0.2687  -0.1997  0.1218  0.4053
147.0  0.1729  0.03543  0.2678  -0.2045  0.1169  0.4019
148.0  0.1736  0.03366  0.267  -0.2092  0.112  0.3985
149.0  0.1743  0.03191  0.2663  -0.2138  0.1072  0.3951
150.0  0.1749  0.03019  0.2657  -0.2183  0.1024  0.3916
151.0  0.1755  0.0285  0.2653  -0.2226  0.09757  0.3881
152.0  0.176  0.02685  0.2651  -0.2268  0.09269  0.3846
153.0  0.1766  0.02523  0.2651  -0.2308  0.08767  0.381
154.0  0.1771  0.02364  0.2652  -0.2346  0.08255  0.3775
155.0  0.1777  0.02208  0.2656  -0.2383  0.0774  0.374
156.0  0.1781  0.02056  0.2662  -0.2418  0.07237  0.3704
157.0  0.1786  0.01906  0.2669  -0.2451  0.06752  0.3668
158.0  0.179  0.01759  0.2677  -0.2484  0.06281  0.3632
159.0  0.1794  0.01615  0.2685  -0.2515  0.05815  0.3595
160.0  0.1797  0.01475  0.2694  -0.2546  0.0535  0.3559
161.0  0.18  0.01337  0.2704  -0.2576  0.04883  0.3523
162.0  0.1803  0.01202  0.2714  -0.2605  0.04423  0.3487
163.0  0.1806  0.01072  0.2727  -0.2631  0.03978  0.3453
164.0  0.1808  0.009467  0.274  -0.2655  0.03554  0.3419
165.0  0.181  0.008254  0.2753  -0.2678  0.03156  0.3386
166.0  0.1811  0.007076  0.2767  -0.2699  0.02784  0.3354
167.0  0.1813  0.005948  0.278  -0.272  0.02432  0.3323
168.0  0.1814  0.004891  0.2792  -0.2741  0.02096  0.3293
169.0  0.1815  0.003923  0.2805  -0.2761  0.01784  0.3264
170.0  0.1816  0.003058  0.2816  -0.2781  0.01507  0.3235
171.0  0.1815  0.002304  0.2829  -0.28  0.01267  0.3208
172.0  0.1812  0.00167  0.284  -0.2819  0.01056  0.3181
173.0  0.1808  0.001165  0.2851  -0.2838  0.008611  0.3155
174.0  0.18  0.0007849  0.2862  -0.2856  0.006716  0.3129
175.0  0.1788  0.0005108  0.2873  -0.2873  0.004956  0.3105
176.0  0.177  0.000315  0.2885  -0.2888  0.003467  0.3084
176.25  0.1765  0.000276  0.2889  -0.2892  0.003137  0.3079
176.5  0.176  0.0002406  0.2892  -0.2895  0.002818  0.3075
176.75  0.1755  0.0002089  0.2896  -0.2898  0.002508  0.3072
177.0  0.1749  0.0001807  0.2899  -0.29  0.002203  0.3069
177.25  0.1744  0.0001561  0.2902  -0.2903  0.001903  0.3067
177.5  0.174  0.0001345  0.2906  -0.2905  0.001606  0.3067
177.75  0.1736  0.0001154  0.2909  -0.2907  0.001316  0.3068
178.0  0.1733  9.855e-05  0.2911  -0.2909  0.001036  0.307
178.25  0.173  8.335e-05  0.2913  -0.2911  0.0007714  0.3074
178.5  0.1728  6.941e-05  0.2915  -0.2912  0.0005307  0.3079
178.75  0.1728  5.634e-05  0.2916  -0.2914  0.0003222  0.3085
179.0  0.1728  4.366e-05  0.2917  -0.2914  0.000155  0.3091
179.25  0.1728  3.117e-05  0.2918  -0.2915  3.731e-05  0.3098
179.5  0.173  1.932e-05  0.2917  -0.2916  -2.785e-05  0.3106
179.75  0.1732  8.666e-06  0.2917  -0.2916  -4.029e-05  0.3112
180.0  0.1734  -1.332e-10  0.2916  -0.2916  -7.862e-11  0.3117
