VFZMAT for F/Z Matrices (125 geometries) and Greekmats, 1 layer
   50 hyperspectral points. Timings in seconds.
   NMOMENTS = 2*NSTREAMS

NSTOKES	NSTREAMS	NQUADS   	Old way		New way    Speedup

  1		   16		 5000		6.143		0.138		44.51
  3		   16		 5000		6.160		0.197		31.27
  4		   16		 5000		6.210		0.213		29.15

  1		   24		 5000		6.255		0.143		43.74
  3		   24		 5000		6.275		0.219		28.65
  4		   24		 5000		6.283		0.239		26.29

  1		   48		 5000		6.531		0.167		39.11
  3		   48		 5000		6.546		0.274		23.89
  4		   48		 5000		6.579		0.315		20.80



  1		   16		 2000		1.066		0.029		36.76
  3		   16		 2000		1.060		0.066		16.06
  4		   16		 2000		1.070		0.068		15.74

  1		   24		 2000		1.097		0.030		36.57
  3		   24		 2000		1.112		0.074		15.03
  4		   24		 2000		1.137		0.083		13.70

  1		   48		 2000		1.211		0.038		31.87
  3		   48		 2000		1.212		0.089		13.62
  4		   48		 2000		1.213		0.117		10.34

