
DBONLY results (36 geometries) ===> 

  -- Reflectance Matrix element #   1
           1    -0.1519E+01 -0.1235E+01 -0.1519E+01    -0.1226E+01 -0.9469E+00 -0.1226E+01     0.4676E-01 -0.3064E+00  0.4676E-01
           2    -0.2668E+01 -0.2184E+01 -0.2668E+01    -0.1694E+01 -0.1762E+01 -0.1694E+01    -0.5411E+00 -0.1339E+01 -0.5411E+00
           3    -0.3689E+01 -0.3041E+01 -0.3689E+01    -0.2147E+01 -0.2372E+01 -0.2147E+01    -0.6053E+00 -0.1703E+01 -0.6053E+00
           4    -0.6241E+01 -0.5201E+01 -0.6241E+01    -0.3301E+01 -0.3926E+01 -0.3301E+01    -0.3609E+00 -0.2651E+01 -0.3609E+00

 Fourier results (I/J) ===> 

  -- Reflectance Matrix element #   1
           0     0.7555E+02  0.4889E+01 -0.4647E+01 -0.7239E+01     0.4889E+01 -0.8251E+00 -0.1741E+01 -0.1977E+01    -0.4647E+01 -0.1741E+01 -0.1182E+01 -0.1156E+01    -0.7239E+01 -0.1977E+01 -0.1156E+01 -0.6082E+00
           1    -0.1035E+03 -0.2055E+02 -0.7960E+01 -0.2826E+01    -0.2055E+02 -0.4377E+01 -0.1625E+01 -0.5627E+00    -0.7960E+01 -0.1625E+01 -0.9700E+00 -0.3993E+00    -0.2826E+01 -0.5627E+00 -0.3993E+00 -0.4458E+00
           2     0.2678E+00 -0.1269E-11  0.2785E-12  0.7534E-12    -0.1268E-11  0.2789E+00  0.3852E-01  0.2131E-12     0.2780E-12  0.3852E-01  0.2943E+00  0.1002E+00     0.7534E-12  0.2131E-12  0.1002E+00  0.1031E+00
           3    -0.2674E+00  0.2576E-11  0.7762E-12  0.8669E-13     0.2575E-11 -0.2674E+00 -0.3609E-01 -0.8483E-15     0.7762E-12 -0.3609E-01 -0.2124E+00 -0.3033E-01     0.8658E-13 -0.9645E-15 -0.3033E-01 -0.4080E-01
           4     0.2669E+00 -0.1267E-11  0.2744E-12  0.7514E-12    -0.1268E-11  0.2520E+00  0.3289E-01  0.2122E-12     0.2743E-12  0.3289E-01  0.1325E+00  0.8126E-03     0.7513E-12  0.2122E-12  0.8126E-03  0.2217E-01
           5    -0.2662E+00  0.2564E-11  0.7724E-12  0.8426E-13     0.2565E-11 -0.2333E+00 -0.2909E-01 -0.1341E-14     0.7728E-12 -0.2909E-01 -0.7123E-01  0.6275E-03     0.8480E-13 -0.1376E-14  0.6275E-03 -0.1400E-01
           6     0.2653E+00 -0.1267E-11  0.2721E-12  0.7480E-12    -0.1266E-11  0.2121E+00  0.2489E-01  0.2115E-12     0.2718E-12  0.2489E-01  0.3509E-01  0.2111E-02     0.7481E-12  0.2114E-12  0.2111E-02  0.9659E-02
           7    -0.2642E+00  0.2543E-11  0.7650E-12  0.8360E-13     0.2543E-11 -0.1893E+00 -0.2051E-01 -0.1328E-14     0.7657E-12 -0.2051E-01 -0.2034E-01 -0.6253E-03     0.8337E-13 -0.1208E-14 -0.6253E-03 -0.7068E-02

 Fourier results (SUN/J) ===> 

  -- Reflectance Matrix element #   1
           0    -0.6332E+01 -0.1901E+01 -0.1140E+01 -0.8675E+00     0.1968E+01 -0.1083E+01 -0.1591E+01 -0.1759E+01     0.1006E+02 -0.4263E+00 -0.1973E+01 -0.2362E+01     0.3069E+02  0.1181E+01 -0.2816E+01 -0.3899E+01
           1    -0.5030E+01 -0.1001E+01 -0.6794E+00 -0.4804E+00    -0.1692E+02 -0.3625E+01 -0.1405E+01 -0.4634E+00    -0.2681E+02 -0.5564E+01 -0.2068E+01 -0.7342E+00    -0.5118E+02 -0.1020E+02 -0.3942E+01 -0.1400E+01
           2     0.5728E-12  0.1894E-12  0.2086E+00  0.1044E+00    -0.8028E-12  0.2472E+00  0.9365E-01  0.1907E-12    -0.2083E-11  0.2214E+00  0.4008E-03  0.2528E-12     0.6459E-01  0.2015E-01  0.1974E-12  0.4108E-12
           3     0.3763E-12  0.5321E-13 -0.1143E+00 -0.2646E-01     0.2053E-11 -0.2345E+00 -0.8349E-01 -0.5227E-14     0.3484E-11 -0.2143E+00 -0.3985E-03  0.6503E-14    -0.6443E-01 -0.2000E-01  0.3670E-12  0.3212E-13
           4     0.5710E-12  0.1885E-12  0.4370E-01  0.9346E-02    -0.8018E-12  0.2176E+00  0.7069E-01  0.1901E-12    -0.2084E-11  0.2046E+00  0.3953E-03  0.2515E-12     0.6421E-01  0.1980E-01  0.1961E-12  0.4088E-12
           5     0.3730E-12  0.5252E-13 -0.9611E-02 -0.3762E-02     0.2042E-11 -0.1973E+00 -0.5647E-01 -0.5592E-14     0.3470E-11 -0.1926E+00 -0.3912E-03  0.5719E-14    -0.6393E-01 -0.1954E-01  0.3648E-12  0.3116E-13
           6     0.5680E-12  0.1877E-12  0.2563E-02  0.1679E-02    -0.8031E-12  0.1747E+00  0.4207E-01  0.1894E-12    -0.2083E-11  0.1788E+00  0.3862E-03  0.2506E-12     0.6358E-01  0.1922E-01  0.1950E-12  0.4073E-12
           7     0.3694E-12  0.5205E-13 -0.4856E-02 -0.7785E-03     0.2026E-11 -0.1508E+00 -0.2865E-01 -0.5441E-14     0.3442E-11 -0.1635E+00 -0.3803E-03  0.5464E-14    -0.6318E-01 -0.1885E-01  0.3619E-12  0.3106E-13
